2753899961771758023803998850976711870158848
1322190222874496830057545842991105331598160
1929933553298610494988835151739300322881873
1691913565302930213812085235661486561068684
140224402196074075001246205547995983089563
358666057948566976904487871740394324440677
3963210404388628818989123170185885574575074
2014871273242598141825082399216404325915923
769477752038260586407031768267497002313229
2999738389980736683967553762767238508108168
4214983742314952478889577431227311978603671
980231042785342080258341654840730046474624
2387649344243819301311276055575746555301863
2665965803861433104938667569973819162147851
452937146016410438719847944930750979879116
3786443594539810919842213473475825677782479
1000148789237240415126058633057710528009948
2873889435068149838795720380239120370100894
539647611004089681615581917787949199829197
324723631792092454318719456447828694061435
